96,1
96,3
96,2
95,4
95,1
95,3
94,7
94,4
94,3
94,2
94,1
94,0
93,6
93,5
93,4
93,1
93,3
91,1
91,3
89,1
89,3
88,1
88,3
85,1
85,3
83,5
83,4
83,1
83,3
83,2
82,4
82,1
82,3
82,2
81,1
81,3
81,2
80,1
80,3
79,6
79,5
79,4
79,1
79,3
78,7
78,6
78,5
78,4
78,1
78,3
78,2
72,4
72,1
72,3
70,5
70,1
70,3
69,5
69,4
69,1
69,3
68,9
68,8
68,7
68,6
68,5
68,4
68,1
68,3
66,1
66,3
65,4
65,1
65,3
63,1
63,3
60,6
60,5
60,4
60,1
60,3
58,6
58,5
58,4
58,1
58,3
58,2
57,1
57,3
57,2
54,4
54,1
54,3
54,2
52,1
52,3
51,1
51,3
50,5
50,1
50,3
49,1
49,3
48,1
48,3
47,7
18,1
47,1
47,5
18,3
46,5
46,4
46,1
46,3
46,2
35,1
14,4
35,5
14,3
34,13
34,12
13,1
34,1
13,4
34,3
13,3
33,1
33,3
33,2
31,1
31,3
26,4
26,1
26,3
26,2
25,9
25,8
25,7
25,6
25,5
25,4
25,1
25,3
14,16
14,14
14,13
14,12
14,11
14,10
14,9
14,8
14,7
14,6
14,1
14,5
14,2
14,0
0,507
0,505
0,504
0,489
0,473
0,448
0,388
2,2
2,1
2,3
0,0
302,34
302,33
302,32
302,31
302,30
302,29
302,28
302,27
302,26
302,25
302,24
302,23
302,22
302,21
302,20
302,19
302,18
302,17
302,16
302,15
302,14
302,13
302,12
302,11
302,10
302,9
302,8
302,7
302,6
302,5
302,4
302,3
302,2
302,0
0,461
0,454
0,450
0,459
0,276
0,275
0,272
0,271
0,451
0,12
0,317
0,10
